%YAML:1.0
---
cameraMatrix: !!opencv-matrix
   rows: 3
   cols: 3
   dt: d
   data: [ 1.0614503092275270e+03, 0., 9.5919319865266004e+02, 0.,
       1.0566983606546537e+03, 5.7816194638438651e+02, 0., 0., 1. ]
distortionCoefficients: !!opencv-matrix
   rows: 1
   cols: 5
   dt: d
   data: [ 4.3128340228509914e-02, -8.7368461818235391e-02,
       7.9786065898392426e-03, 1.8284359459226577e-03,
       3.5635159676509535e-02 ]
rotation: !!opencv-matrix
   rows: 3
   cols: 3
   dt: d
   data: [ 1., 0., 0., 0., 1., 0., 0., 0., 1. ]
projection: !!opencv-matrix
   rows: 4
   cols: 4
   dt: d
   data: [ 1.0614503092275270e+03, 0., 9.5919319865266004e+02, 0., 0.,
       1.0566983606546537e+03, 5.7816194638438651e+02, 0., 0., 0., 1.,
       0., 0., 0., 0., 1. ]
