# oST version 5.0 parameters


[image]

width
640

height
480

[narrow_stereo]

camera matrix
723.563904 0.000000 388.699275
0.000000 729.671215 256.466550
0.000000 0.000000 1.000000

distortion
0.030142 -0.438945 0.012746 -0.003950 0.000000

rectification
1.000000 0.000000 0.000000
0.000000 1.000000 0.000000
0.000000 0.000000 1.000000

projection
711.483704 0.000000 391.573630 0.000000
0.000000 726.669373 259.870852 0.000000
0.000000 0.000000 1.000000 0.000000

